0.7703535638388895	
0.24099854655339115	
0.4930308781616045	
0.5038545458959955	
0.4980544207627131	
0.9590963402296845	
0.9604307722791977	
0.2940368127718149	
0.2909116969488842	
0.2985053070481788	
0.45262037806500083	
0.3693164551895144	
0.3690631514661913	
0.36923202679516853	
0.45434277443442084	
0.45448180732370624	
0.6631248694590638	
0.6628394530641196	
0.7271175730808753	
0.7644639764457637	
0.7644502393748338	
0.7644076246764769	
0.7643630735808935	
0.5699584464565287	
0.5697250610038919	
0.41187754373309304	
0.41187138742412716	
0.4118059251898115	
0.3320037726670061	
0.33201668645126725	
0.3320081369219513	
0.3319948499018608	
0.33201441017712063	
0.33201598339071625	
0.33201520467192003	
0.4148898423037485	
0.41488116659244717	
0.41488047566879455	
0.4148788376599574	
0.6426517627807296	
0.6426205595306191	
0.6426598658592146	
0.6426590779290873	
0.6426593388983428	
0.6426140420265121	
0.6426470065171361	
0.6426344668244435	
0.6426412588573492	
1.0258018481902598	
1.025836351420412	
1.0259555710053754	
1.0257659882195567	
1.0361026028413032	
1.036095881706635	
1.0361024052063335	
1.0360946413358356	
1.0361033111137536	
1.0360994728507587	
1.0361030762528642	
1.0361012016841	
1.0361022791000223	
1.0360974797401712	
1.0361026081404587	
0.6716558080095759	
0.6716551497455056	
0.6716561339294463	
0.6716566220420281	
0.6716574285446406	
0.6716578636051305	
0.6716576055942332	
0.6716507479759575	
0.6716579052188093	
0.6716575778048121	
0.671655251973503	
0.6716524095550356	
0.6716561831171168	
0.544138923087155	
0.5441386197961036	
0.544137805155279	
0.544137755580108	
0.5441394345141257	
0.5441396620241257	
0.5441385919904238	
0.5441388141753302	
0.5441397131210801	
0.5441343113454749	
0.544139718538506	
0.5441398576276515	
0.5441396663000193	
0.5441346346729681	
0.5441387001181723	
0.5441386144156231	
0.5441395685981449	
0.5441389604274507	
0.5441396364062062	
0.544139554015702	
0.5441385153205888	
0.544138850762307	
0.5441375992578231	
0.5441390304329463	

