0.05273748564149899	
0.5760832063340647	
0.2570176904975939	
0.24616031162806884	
0.2519493645158555	
0.04231819636762951	
0.04181488996868563	
0.4983840217213775	
0.5028062215239111	
0.49209480423956997	
0.29973165747215086	
0.3977617336947198	
0.3980813068377743	
0.397868236020931	
0.2977418078119254	
0.29759009854081	
0.11348485357697283	
0.113677234410102	
0.1030073255021759	
0.08922163852659823	
0.08922955738076169	
0.08925412523063689	
0.08927981305084697	
0.18922246195162326	
0.18942492044474296	
0.34621399929013996	
0.34622152814217955	
0.3463022882495923	
0.4462189597311129	
0.44620170717954466	
0.44621312913848254	
0.4462308805576375	
0.4462047482110201	
0.4462026464454718	
0.44620368678949685	
0.3461996192337794	
0.3462019694542906	
0.3462023197255788	
0.34620286010255685	
0.14620756467759638	
0.1462308805576375	
0.14620116175130587	
0.14620166153703534	
0.14620142751049353	
0.14623548083396815	
0.14621056634105273	
0.1462199552886579	
0.14621465200498446	
0.015024025563798008	
0.015016083480547358	
0.014988667238656009	
0.015031834974433105	
0.007808679598780117	
0.007809795299556432	
0.007808710312183779	
0.007810000947378903	
0.007808558532347057	
0.007809195692208798	
0.007808596214152495	
0.007808907480228593	
0.007808727964112144	
0.00780952472994956	
0.007808670140903546	
0.10780990841384447	
0.1078103406886464	
0.10780969438615769	
0.10780937384885161	
0.10780884422991782	
0.10780855853234707	
0.10780872796411214	
0.1078132313047482	
0.1078085312053004	
0.10780874621300304	
0.10781027355658383	
0.1078121401510141	
0.10780966208522035	
0.20780932144413877	
0.20780959796140147	
0.2078103406886464	
0.20781038588754136	
0.20780885516510106	
0.2078086477394783	
0.20780962331247332	
0.20780942074147418	
0.2078086011533311	
0.2078135260924644	
0.2078085962141525	
0.20780846940373793	
0.20780864384105774	
0.2078132313047482	
0.20780952472994957	
0.20780960286690806	
0.20780873291788535	
0.2078092874001654	
0.20780867109586587	
0.20780874621300305	
0.20780969321411707	
0.20780938738431026	
0.20781052841042105	
0.20780922357461418	

